# oST version 5.0 parameters


[image]

width
640

height
480

[narrow_stereo]

camera matrix

774.8982 0.000000 340.68369
0.000000 779.32675 189.67219
0.000000 0.000000 1.000000    


distortion
-0.103379 -0.326531 0.007055 -0.004966 0.000000

rectification
1.000000 0.000000 0.000000
0.000000 1.000000 0.000000
0.000000 0.000000 1.000000

projection
752.20068 0.000000 340.27927 0.000000
0.000000 769.2179 189.59301 0.000000
0.000000 0.000000 1.000000 0.000000 


